2
2
50
30
100
36						34
68						82
73						52
96						42
69						84
62						 3
54						26
40						10
31						 1
27						100
39						30
21						19
84						48
70						34
68						66
58						14
11						52
40						72
32						50
98						30
69						40
96						49
40						16
17						 6
26						 7
40						96
83						37
41						12
82						13
40						66
47						74
10						61
74						74
85						76
39						22
45						96
11						 3
18						62
76						89
12						62
32						19
60						77
94						36
76						21
45						39
48						12
94						40
14						 8
38						 9
58						90
23
 7
80
12
 7
53
35
91
66
33
35
26
65
57
80
54
18
17
 2
30
24
29
62
86
66
29
91
27
75
56
50
 1
66
98
25
22
100
92
86
34
66
30
13
91
87
31
35
51
63
19
26
81
65
40
 6
90
76
25
10
94
34
43
56
28
80
51
73
24
67
22
99
18
 4
46
59
43
53
37
98
88
44
15
 2
33
30
29
51
21
23
43
39
83
85
73
19
21
30
43
95
48
91
31
82
66
23
48
 8
 2
50
41
97
88
38
35
28
12
25
46
41
64
 5
17
84
78
74
48
 7
89
72
88
 4
22
50
 3
 3
68
70
44
88
31
61
42
58
70
47
42
18
35
79
93
88
95
43
50
16
47
91
47
95
96
 8
23
22
69
83
94
46
31
68
46
67
18
92
81
19
37
73
62
16
34
17
13
94
43
 3
23
78
97
32
56
48
69
35
72
99
61
81
42
59
 8
73
10
56
38
53
95
36
94
11
86
 5
 8
21
 9
21
53
26
 2
69
65
73
62
60
10
90
47
14
75
84
69
70
46
76
38
28
94
93
14
31
53
70
49
23
 8
18
60
25
 6
15
28
36
62
30
95
35
79
24
15
56
26
14
31
 1
22
58
95
56
42
 5
65
 3
80
76
39
99
27
76
70
36
62
50
39
47
88
 1
80
94
28
 2
69
79
24
76
13
87
65
98
 5
96
35
41
31
 2
64
65
93
48
70
76
28
98
50
67
77
52
82
99
98
14
20
69
69
36
29
75
82
87
12
91
53
91
86
42
74
19
56
84
50
59
14
45
 4
91
61
85
95
97
93
 4
56
42
99
28
 2
86
98
78
57
37
27
 2
 4
55
98
 8
62
74
 5
66
48
34
82
22
99
88
22
37
88
64
70
64
47
16
49
34
23
79
17
26
90
74
89
19
39
90
61
22
65
59
 6
76
65
72
94
73
54
89
38
51
90
39
100
70
89
10
45
87
 7
13
65
21
21
11
83
27
40
95
25
94
24
87
97
40
34
20
64
 3
13
63
55
56
68
24
59
91
81
96
19
82
84
38
20
51
57
13
28
58
 2
68
 3
43
71
71
 3
59
24
83
11
46
 2
23
67
20
29
33
17
73
62
91
56
71
28
 2
21
40
48
80
30
33
20
54
65
47
53
 6
 4
15
 2
 4
72
36
57
35
 2
96
90
77
89
89
51
54
63
60
55
95
24
93
45
36
49
63
48
34
39
16
10
63
86
 3
54
14
36
50
21
64
49
53
47
81
72
54
40
63
43
78
 4
63
81
41
27
18
50
40
27
20
51
22
10
26
51
25
 7
96
42
97
50
98
78
 5
30
36
58
62
54
77
85
53
79
48
13
75
68
60
73
65
95
81
80
33
 9
15
14
41
48
44
12
83
28
26
80
90
95
29
84
76
77
17
15
55
52
33
 9
30
82
25
14
79
10
28
24
40
34
66
56
 4
64
77
19
85
61
30
96
 3
93
74
86
38
37
79
46
32
55
64
60
88
89
34
21
61
56
19
12
77
93
 8
88
67
92
45
61
28
61
63
34
21
94
12
27
92
64
62
36
27
 5
29
41
19
 1
78
19
36
85
43
95
62
51
33
65
82
44
43
42
65
74
30
28
88
13
28
21
68
28
26
98
52
71
26
76
80
68
23
97
74
70
22
66
33
46
23
67
30
83
80
70
72
16
83
43
83
24
90
18
30
35
52
92
21
59
43
77
19
 3
51
66
84
84
53
40
56
 3
 6
66
34
98
53
 4
52
50
 8
57
70
45
 9
87
100
44
31
98
70
12
96
72
36
100
15
47
55
98
14
22
78
17
54
29
 8
100
68
64
91
77
30
74
71
26
14
19
50
14
36
63
42
28
43
90
46
76
28
18
56
19
84
22
 9
57
37
10
39
 1
40
98
58
88
60
55
67
57
88
74
30
90
87
98
49
60
42
21
77
37
99
37
42
45
18
65
57
59
83
48
 9
46
55
17
 4
54
68
20
89
39
78
11
53
52
51
31
50
12
82
70
66
40
68
63
78
51
54
88
41
35
24
79
65
70
77
48
83
34
55
66
79
48
14
38
 8
71
53
10
57
44
52
33
 4
94
52
61
79
83
82
13
100
92
 7
90
 1
54
86
98
59
11
64
78
79
71
50
82
 5
78
55
13
58
 1
42
77
70
84
67
74
 4
44
71
48
51
70
77
70
14
77
26
17
55
36
89
67
41
 9
94
33
25
87
55
49
76
76
27
72
60
81
11
83
74
38
68
89
78
58
68
20
76
70
 4
 9
65
65
88
93
 7
 1
35
65
18
59
79
10
67
11
65
52
12
98
45
14
 6
33
94
51
90
45
10
71
58
26
99
87
57
19
58
27
63
36
35
55
67
20
34
 1
54
76
18
45
79
94
15
21
52
73
79
57
41
11
73
79
26
27
47
67
27
32
17
67
20
39
42
48
91
15
95
56
 2
100
74
47
59
16
12
 1
88
 2
94
80
21
61
55
35
62
60
45
89
61
29
12
 9
 3
41
98
18
46
15
70
39
30
82
20
32
97
88
 5
52
23
18
43
14
53
16
 9
71
19
86
86
68
72
 7
60
46
10
74
31
59
45
88
13
43
53
17
98
11
11
55
53
94
52
39
32
64
90
30
 1
 4
87
23
 4
69
50
97
29
30
37
 1
42
 9
54
81
85
75
16
38
61
63
37
43
43
 3
53
43
60
12
20
39
70
13
100
19
70
 6
14
74
64
59
65
46
36
37
69
51
 2
58
29
 5
38
54
25
63
87
49
19
83
40
60
40
85
42
48
39
 3
27
79
86
44
84
71
58
71
66
87
58
11
 8
56
94
28
60
97
33
14
39
20
64
84
88
39
17
96
28
32
26
51
68
53
25
39
78
67
86
69
 5
11
71
91
77
 2
42
43
73
49
67
42
44
34
81
98
30
64
 1
25
53
95
57
96
88
92
90
53
37
20
82
66
50
46
61
23
94
21
47
33
68
90
73
80
26
 2
19
78
68
11
18
11
98
31
13
66
38
52
13
85
69
97
28
57
29
29
 4
43
35
37
87
30
69
100
45
50
97
30
20
63
78
52
46
23
 6
40
42
24
66
36
67
72
99
99
25
67
18
100
19
53
33
 3
93
15
30
98
47
98
10
52
56
81
 4
98
95
11
26
21
93
70
97
 2
52
49
58
59
52
69
97
59
92
91
70
74
70
90
37
76
22
77
50
77
32
78
30
35
84
79
32
67
15
80
90
19
42
97
19
79
48
70
54
96
75
42
78
10
51
78
65
18
98
36
71
35
27
93
81
14
59
77
17
82
78
57
66
87
84
22
96
73
92
33
28
66
31
57
85
97
52
18
 1
98
17
48
79
82
37
89
90
36
67
84
39
10
30
55
 6
 2
 8
81
40
46
23
10
67
18
72
81
69
77
94
55
74
15
23
 3
 9
21
62
40
90
45
56
97
50
96
38
18
10
36
70
38
22
79
57
24
65
33
 7									 5									32		97
 5									 9									49		 6
29									 6									 8		90
27									 7									46		13
24									14									36		30
10									12									66		 6
 7									 4									38		66
 9									 7									91		23
24									 3									54		80
24									10									98		12
 6									18									42		52
19									10									100		42
23									 6									 1		29
13									12									66		36
15									15									26		 8
25									12									21		 9
 1									 2									52		60
25									 9									52		96
30									16									 5		14
29									15									53		68
22									16									89		74
10									20									52		 9
 5									10									67		58
11									10									21		37
18									15									15		87
 7									 2									46		52
12									10									100		65
14									11									86		57
19									19									82		95
25									 6									21		34
23									 1									 4		97
28									15									 8		70
11									 9									46		52
14									15									20		97
15									20									89		89
16									11									89		31
22									 2									62		28
12									 2									81		58
 9									17									48		68
 7									 3									79		26
22									10									53		54
11									10									54		56
26									 4									58		19
21									 5									59		 5
19									 9									85		37
28									19									69		44
14									14									82		79
22									 5									15		97
22									20									28		87
29									13									80		57
17									 3									61		81
30									16									100		51
12									 2									47		78
22									 4									11		 9
24									 5									28		 9
10									 4									97		73
25									17									78		 9
 4									 9									65		72
13									 7									40		100
 6									10									48		79
18									17									49		 2
 4									12									84		29
29									17									83		16
 6									18									43		55
20									14									34		90
17									10									54		 2
 3									 9									96		44
 2									 1									22		11
14									12									60		40
 9									 8									64		46
13									 9									41		63
23									16									73		81
 1									14									76		15
20									12									11		 1
20									 7									66		22
20									13									 4		 9
 1									 1									89		60
17									 6									63		49
13									18									 5		65
14									 9									98		84
 4									11									70		57
 5									 3									31		93
17									 6									59		60
11									19									35		88
 6									15									42		35
25									 6									93		38
24									 6									69		66
28									12									34		92
 3									 3									69		85
12									17									37		97
 8									16									85		64
 4									 1									 9		 3
15									20									65		17
29									10									 9		51
10									12									51		34
 6									17									80		95
20									15									32		 8
19									18									54		24
10									 3									17		45
17									16									52		62
